0,22 -0,48 0,05 0,39
-0,12 -0,92
-0,13 -0,68
0,27 -0,14
-0,17 0,66
0,54 -0,51
0,25 -0,87
-0,38 0,90
-0,98 -1,00
-0,54 -0,09
-0,71 -0,24
-0,72 -0,95
0,60 -0,63
0,19 0,62
-0,50 -0,16
-0,65 -0,08
0,75 0,12
0,85 0,11
-0,21 -0,03
-0,76 -0,07
-0,84 0,04
0,64 0,50
-0,70 0,45
-0,43 0,82
0,45 -0,51
-0,48 -0,19
0,34 -0,33
0,63 -0,21
0,56 -0,54
-0,43 -0,20
0,56 0,51
-0,13 0,34
-0,34 -0,80
-0,50 0,71
-0,66 -0,32
-0,44 -0,61
-0,84 -0,14
0,36 -0,72
0,37 -0,45
-0,56 0,52
1,00 0,58
-0,35 0,59
-0,77 -0,24
-0,96 0,75
0,30 -0,92
0,76 -0,05
0,74 -0,94
-0,66 -0,90
-0,30 -0,71
0,01 -0,66
-0,90 0,50
-0,08 0,41
-0,22 -0,41
0,15 -0,83
0,53 0,23
0,85 -0,43
-0,57 0,10
0,67 -0,27
0,36 -0,95
-0,53 0,76
0,78 0,60
0,29 0,70
-0,58 0,62
0,21 -0,27
-0,91 -0,34
0,14 -0,47
0,22 0,97
0,48 0,97
-0,91 0,11
0,32 0,23
0,89 0,70
0,77 -0,41
0,26 -0,05
-0,74 -0,89
-0,73 -0,46
0,78 0,78
0,93 -0,64
-0,10 0,20
0,41 -0,31
-0,54 -0,89
0,88 -0,16
0,24 -0,47
0,69 -0,51
0,39 0,24
-0,38 -0,77
-0,41 0,26
-0,65 0,25
-0,36 0,05
0,67 0,31
0,01 -0,11
0,18 -0,21
-0,02 -0,23
0,59 -0,55
-0,38 0,68
0,61 0,38
0,74 -0,30
0,39 -0,44
0,15 -0,71
0,15 0,18
0,31 0,62
0,64 -0,21
0,51 0,40
-0,77 -0,47
0,09 0,03
0,16 0,26
0,10 -0,65
-0,16 0,85
-0,35 0,89
0,09 0,94
0,51 0,33
-0,89 -0,59
-0,29 -0,62
-0,55 0,60
-0,80 -0,06
-0,02 -0,58
-0,67 0,72
0,69 -0,62
-0,37 -0,71
0,70 -0,59
-0,49 0,31
0,33 0,51
0,28 -0,63
-0,98 -0,69
-0,69 0,51
0,29 0,70
0,21 -0,57
0,65 -0,09
0,60 0,70
-1,00 0,38
-0,34 -0,43
0,09 -0,81
-0,86 0,96
0,39 0,88
0,73 0,23
0,89 0,38
0,91 -0,13
-0,07 -0,26
0,08 0,85
-0,36 0,68
-0,08 0,38
-0,69 0,26
-0,99 0,19
-0,04 0,77
0,04 -0,05
-0,96 0,93
0,90 0,74
0,75 -0,05
0,83 0,50
-0,44 -0,18
0,23 -0,36
0,86 0,66
0,55 -1,00
0,55 0,97
-0,50 0,63
0,57 0,33
0,54 0,39
0,38 -0,01
0,83 -0,26
0,60 0,68
0,65 0,07
0,86 0,96
0,46 0,08
-0,66 0,06
0,50 -0,16
0,80 0,02
0,24 0,22
-0,91 -0,78
0,90 0,64
0,94 0,08
0,34 0,45
-0,16 -0,11
0,49 -0,17
0,23 0,40
0,11 -0,35
-0,81 0,60
0,69 0,30
-0,47 0,21
0,51 0,28
-0,73 0,85
-0,03 0,14
0,44 0,06
-0,88 -0,39
-0,09 0,19
-0,41 -0,41
0,31 0,97
-0,14 -0,44
0,04 0,08
-0,37 0,76
-0,23 -0,65
0,23 -0,12
0,77 0,39
0,52 0,39
-0,44 -0,80
-0,26 0,70
-0,55 -0,80
0,56 -0,33
-0,64 -0,13
0,43 0,90
0,30 0,19
-0,10 0,70
0,74 -0,10
-0,36 -0,64
0,93 0,38
0,66 -0,89
0,36 0,32
0,77 0,90
0,81 0,87
0,87 -0,74
0,30 0,69
-0,10 -0,19
-0,09 0,00
0,76 -0,58
-0,95 -0,44
-0,73 -0,99
0,86 -0,74
0,36 0,42
0,50 0,70
0,02 0,41
0,75 0,63
0,46 0,60
-0,72 -0,33
-0,04 -0,60
-0,47 0,37
0,28 0,49
-0,79 0,63
-0,94 -0,20
-0,34 0,64
0,84 -0,43
-0,68 -0,82
-0,12 0,47
0,91 -0,42
0,30 -0,93
-0,83 -0,46
0,81 0,90
0,93 -0,93
0,88 -0,58
-0,25 -0,70
-0,18 0,71
0,62 -0,61
0,39 0,05
0,28 0,03
-0,91 -0,91
-0,96 -0,48
-0,67 0,94
-0,51 -0,14
0,54 0,25
-0,30 0,93
-0,45 0,75
-0,28 -0,77
-0,46 0,18
-0,01 -0,31
0,67 0,45
-0,94 0,95
0,49 -0,07
-0,07 0,60
-0,22 -0,75
-0,67 0,31
-0,01 -0,56
-0,02 -0,81
-0,18 0,45
-0,55 -0,48
0,39 -0,43
0,70 -0,47
-0,12 -0,57
0,47 -0,99
0,06 0,61
-0,26 -0,76
-0,24 -0,10
0,40 -0,92
0,78 0,38
0,31 -0,42
-0,69 0,06
0,43 0,22
-0,60 0,05
0,97 0,20
-1,00 -0,36
-0,76 -0,08
0,81 0,44
-0,48 -0,62
-0,67 -0,89
-0,54 -0,97
-0,61 0,66
0,96 0,89
0,92 0,68
-0,02 0,60
0,18 -0,52
0,02 0,65
-0,42 0,84
-0,55 0,00
0,12 -0,02
-0,92 -0,91
-0,61 -0,60
-0,71 0,47
-0,40 0,95
0,56 -0,66
0,13 -0,81
-0,37 -0,95
-0,02 0,47
-0,98 -1,00
-0,65 0,44
0,51 -0,37
-0,19 -0,95
-0,02 0,39
0,22 0,95
-0,44 0,86
0,78 -0,06
0,90 -0,45
0,41 0,07
-0,01 -0,15
-0,65 -0,49
-0,35 -0,78
0,48 -0,47
-0,73 -0,94
0,44 -0,99
-0,47 0,10
0,58 0,49
-0,22 0,14
-0,96 -0,41
0,74 0,36
-0,88 -0,53
-0,12 0,83
0,14 0,81
-0,63 -0,83
0,82 -0,91
-0,20 -0,63
0,12 0,28
0,28 0,26
-0,19 0,33
0,63 -0,19
-0,86 0,60
-0,20 -0,08
0,08 -0,07
-0,97 -0,42
-0,63 0,06
0,95 0,33
0,20 -0,72
-0,19 -0,36
-0,15 -0,59
-0,39 0,03
-0,83 -0,99
-0,81 0,24
-0,98 -0,42
0,53 -0,54
-0,16 -0,31
0,07 0,03
0,60 0,61
0,48 -0,75
0,82 -0,13
-0,69 0,24
0,64 -0,51
0,38 0,83
0,38 0,39
-0,13 0,11
-0,71 -0,78
-0,07 0,63
0,12 -0,58
0,53 -0,22
-0,80 0,92
0,57 -0,84
-0,23 -0,94
0,32 -0,76
-0,32 -0,31
0,46 -0,21
0,12 0,35
-0,14 0,19
0,05 -0,68
-0,38 0,18
-0,66 -0,67
-0,37 -0,90
-0,88 0,57
-0,79 -0,83
0,54 -0,34
0,84 0,41
0,50 0,50
-0,43 0,42
-0,21 -0,96
0,81 -0,65
0,07 0,62
0,17 0,30
0,86 0,42
-0,49 -0,79
-0,83 0,01
0,03 -0,65
-0,38 0,58
0,27 0,04
0,89 -0,86
-0,40 0,36
0,05 -0,90
-0,72 -0,01
-0,80 0,88
-0,66 -0,24
-0,90 0,47
-0,14 -0,43
-0,43 0,58
-0,09 0,33
0,19 -0,96
0,93 0,73
-0,84 -0,83
-0,94 0,12
0,70 -0,17
0,59 0,54
0,06 -0,32
-0,38 -0,57
-0,12 -0,13
0,04 0,25
0,82 -0,39
0,92 0,25
0,69 -0,47
0,96 0,63
0,19 0,33
0,20 0,93
-0,97 0,69
-0,43 -0,58
0,60 -0,57
-0,56 -0,14
0,65 0,50
0,50 -0,45
-0,26 -0,51
-0,23 0,77
-0,12 0,95
0,83 -0,43
-0,82 0,58
0,50 0,66
-0,40 -0,22
-0,34 -0,26
-0,15 -0,05
0,58 -0,46
-0,74 -0,33
-0,51 0,25
-0,61 0,71
-0,61 0,65
-0,84 -0,97
0,76 0,70
-0,86 -0,74
-0,53 -0,42
-0,52 0,48
0,48 0,19
-0,68 -0,91
-0,99 -0,29
0,14 0,70
0,43 0,31
0,56 0,18
-0,81 0,50
-0,08 0,06
-0,91 0,03
-0,39 0,02
-0,31 -0,15
0,13 -0,49
-0,38 -0,32
-0,35 0,96
-0,66 0,32
0,39 -0,45
-0,04 -0,76
-0,41 -0,68
0,88 0,07
0,33 0,08
-0,90 0,13
0,71 -0,67
-0,24 -0,97
-0,82 -0,78
-0,28 0,58
-0,47 0,04
0,99 0,69
0,31 -0,01
-0,70 -0,86
0,93 -0,37
0,16 -0,92
-0,75 0,81
-0,84 0,19
-0,34 0,87
0,47 0,11
-0,96 0,15
0,85 -0,56
0,40 0,87
-0,11 -0,13
0,11 -0,13
-0,92 -0,95
0,55 0,83
0,14 -0,99
-0,83 -0,53
0,49 0,38
-0,60 0,75
0,09 -0,73
0,68 0,86
-0,87 0,76
0,78 -0,12
0,19 -0,75
-0,17 -0,14
-0,19 -0,05
-0,76 0,81
0,65 -0,35
-0,86 -0,15
-0,69 -0,35
0,26 -0,24
-0,12 -0,58
0,59 0,61
0,05 -0,31
0,59 0,52
0,23 -0,89
-0,07 -0,49
-0,53 -0,84
0,94 0,88
-0,43 0,63
-0,40 -0,55
-0,52 -0,36
0,79 0,88
-0,77 0,09
0,68 -0,84
0,45 -0,64
0,76 -0,88
0,88 0,21
0,47 -0,40
-0,68 -0,74
-0,82 0,22
-0,63 0,41
-0,88 0,81
0,26 -0,37
0,72 0,51
0,65 -0,08
-0,84 -0,98
-0,34 0,54
-0,45 0,16
0,98 0,58
0,58 0,78
-0,65 -0,79
-0,46 0,46
-0,03 -0,62
-0,42 0,96
0,93 -0,74
0,16 0,59
0,57 0,50
0,43 -0,16
0,44 -0,08
0,68 0,20
0,30 -0,72
0,98 -0,40
-0,59 -0,05
-0,16 -0,91
0,82 -0,85
0,63 -0,83
0,32 0,60
0,08 0,93
-0,91 0,71
0,71 -0,06
0,26 -0,94
0,71 0,49
0,85 -0,19
-0,78 0,52
0,09 0,28
-0,96 -0,57
0,57 0,99
-0,59 -0,32
-0,35 0,46
0,66 -0,26
-0,10 -0,93
-0,01 -0,31
-0,23 -0,17
0,29 0,34
0,28 0,51
0,13 0,94
0,40 -0,77
-0,36 -0,40
-0,41 -1,00
-0,27 -0,09
0,66 0,93
-0,72 -0,20
-0,89 -0,78
-0,87 0,67
-0,41 0,16
0,57 -0,92
-0,13 -0,11
0,02 0,81
0,28 -0,66
0,44 -0,19
0,92 -0,20
-0,08 0,33
-0,15 0,58
0,35 -0,46
0,17 0,07
0,88 -0,75
-0,60 -0,16
0,62 0,02
-0,47 0,60
-0,55 0,40
0,21 0,91
-0,79 0,35
0,14 -0,58
-0,81 -0,62
-0,47 0,11
0,91 -0,14
0,94 0,42
0,52 -0,52
0,46 0,74
-0,25 0,10
-0,07 0,89
0,07 0,54
-0,97 -0,48
0,32 0,17
-0,15 0,54
0,48 -0,32
-0,13 0,11
